53.79031783090457,-2.227683151100467,green
53.788177824644166,-2.229075928267578,
53.7898187374025,-2.228743237988792,Np 7
53.79021686924193,-2.2245119344430706,Hole
53.7881923021656,-2.2285332878128594,Sche-?
53.79060128553475,-2.229136652318463,star
53.78985226429424,-2.228931870146861,
53.78935393276698,-2.226765184331235,Pooth™
53.78987017070233,-2.2265306861347316,
53.78870663516391,-2.2290009922047833,WELLINGT(
53.78989264895929,-2.229200606372055,Turf M
53.788696729491356,-2.2257354594683525,F stone! 0
53.78822240017068,-2.2291644303417404,Fulledge
53.78920572866598,-2.2290055142085725,gH  =
53.78819992191372,-2.22920319037422,“Wek
53.789914746228845,-2.226516474122822,
53.79031249708088,-2.224530022458228,406°C
53.78819039722857,-2.2290048682080315,
53.78985226429424,-2.2242877722552286,
53.78931088119008,-2.2265448981466407,grow"
53.78930935724046,-2.225051990895624,
53.79040469603317,-2.2232263933658207,ili
53.78856795574807,-2.22405069005656,= £B.m.38
53.79054223248679,-2.2286269578913522,Cavity,
53.79032049781641,-2.224207022187562,c cw
53.78837746204499,-2.2258659515777013,Hig In |
53.79054223248679,-2.227437670894761,3948  $0F~ = - ~“
53.789811117654374,-2.2265474821488063,
53.78817515773232,-2.228515199797702,roo uy!
53.78818696834191,-2.2292270923942494,oo  \ vy seo
53.788788928443644,-2.2227128229354625,39l'8  e
53.78843422916851,-2.2245649064874597,Pa  %89.5
53.79060128553475,-2.2292561624186096,sud:
53.79040431504576,-2.223347841467591,“ny one
53.79048203647662,-2.228770370011528,
53.78853176194449,-2.225796829519779,
53.7888167405243,-2.228945436158229,oN STREET
53.78865558285149,-2.223267737400466,38  4
53.78869482455433,-2.228499049784169,
53.78843384818111,-2.22582654554468,IN STREET
53.78931088119008,-2.223068769233736,
53.788492520241654,-2.2251430769719516,‘ “8p.,
53.788924559960236,-2.2288549960824424,
53.79045689130781,-2.2287044779563123,
53.790603952446595,-2.229325930477073,uD
53.78892798884689,-2.2273679028362974,ey  ~.  ~  "Boy,
53.78853176194449,-2.228504863789041,\
53.789309738227864,-2.2250164608658505,'¢°
53.788789690418454,-2.228867270092728,._Post
53.788697872453575,-2.2263375319728733,‘  386°
53.79057690234075,-2.2294086185463637,
53.79060166652216,-2.229072698264871,
53.79048241746403,-2.2285358718150245,
53.79045651032041,-2.226334947970708,_ 396°
53.78831536109779,-2.2280933614442127,
53.79057690234075,-2.229247764411572,
53.7904066009702,-2.2256598774050165,, 3984
53.78920572866598,-2.2291547403336205,rdmorden..,
53.78820716067444,-2.225091396928645,er 0s
53.78822011424625,-2.225073954914029,| Band |
53.78856795574807,-2.224092680091746,>|
53.788924940947645,-2.2272897367707962,
53.7884517545892,-2.2245474644728436,
53.788403369188615,-2.2280087353732982,
53.789150104504685,-2.228484191771718,
53.78822163819587,-2.2282865156060705,t Infants
53.78820220783816,-2.227737415145939,
53.788178586618976,-2.2291767043520254,wo 4  5 J"
53.78843118126926,-2.2279066672877677,—-?
53.78865596383889,-2.223236729374482,Bg
53.78840146425158,-2.22946998859779,ofmee
53.78900304336591,-2.2226314268672547,
53.78825973693649,-2.22901391221561,
53.789372601149886,-2.226929268468733,| Moor
53.78867615617142,-2.228377601682398,
53.79031897386678,-2.2244298923743213,
53.78887960344631,-2.2225170847714386,‘Og.
53.788177062669355,-2.227329788804359,
53.79021801220415,-2.224612710527518,Bee
53.7903631684059,-2.2250597429021197,899°  Re
53.78883083705832,-2.2271812086798524,
53.78869825344098,-2.226305231945807,
53.78837746204499,-2.226432494052449,
53.79057423542891,-2.2290972462854417,
53.79060242849697,-2.2292174023861295,
53.78870701615132,-2.2286605499195016,
53.7888167405243,-2.2270042045315277,v * SF ¢
53.788715778861665,-2.2286159758821498,
53.788403369188615,-2.2287555119990774,
53.78911010082704,-2.2287600340028666,o-l
53.788318789984444,-2.228818820052128,
53.7905426134742,-2.22740795486986,
53.78847118494691,-2.2250416548869625,
53.790362787418495,-2.2244518563927267,coat 3
53.78911048181445,-2.2287903960283093,| 894-2
53.79071672471882,-2.229658620755859,Bon.
53.79068586473892,-2.228941560154981,soos
53.79045651032041,-2.2263065239468895,N
53.788582433269504,-2.227936383312669,
53.78987055168973,-2.229116626301682,_ foo"
53.789150104504685,-2.2226508068834945,
53.78871349293723,-2.226469962083846,
53.78821859029662,-2.2251392009687034,
53.79021420233009,-2.224365292320188,Colliery,
53.79085959499613,-2.2236152856917024,TRAMWAY
53.78879959609102,-2.229056548251338,@, Osn%
53.78985264528164,-2.2242580562303274,eg
53.78900304336591,-2.226962214496341,Pay acy
53.78919125114455,-2.2296062947120108,
53.78819611203966,-2.2273569208270945,
53.788732542307535,-2.2289131361311623,
53.7882418305284,-2.225648895395814,/383:
53.78838355784349,-2.2286353558983896,
53.790589855912565,-2.228100467450167,3949
53.788701301340225,-2.229538464655171,
53.788701301340225,-2.2275067929526835,
53.78853061898227,-2.2257606534894645,4.387°5
53.78962595777498,-2.2266217722110593,Stand
53.79068243585226,-2.229394406534454,‘ oe
53.79015476829473,-2.2239899660056746,
53.79059252282441,-2.2287400079860853,
53.78905752456499,-2.228655381915171,g3"$
53.79057842629038,-2.229329806480321,
53.78887960344631,-2.222554552802836,a M393":
53.79029763857204,-2.224272914242778,», Shaft
53.790360882481465,-2.2243891943402176,
53.788925321935054,-2.2225164387708976,
53.788645296191525,-2.2279622233343224,
53.7885881480806,-2.2280345753949513,-- By  post
53.78939927026831,-2.2270584685769994,Lurf .
53.79055061420973,-2.2284157157143367,
53.789688058722184,-2.226610790201857,Pavilion
53.789635863447536,-2.224661160568118,
53.789272782449466,-2.229066238259458,avillion
53.7890582865398,-2.2287128759633497,
53.79049537103584,-2.2268795264270507,
53.79063595538871,-2.2287503439947467,» 995-2
53.78844908767735,-2.224791006676926,
53.78891046342621,-2.227652143074483,
53.789372601149886,-2.222918897108147,
53.78875730648893,-2.229070760263247,
53.790060283418,-2.2239117999401734," ¥02.>
53.78816906193382,-2.2291205023049296,
53.78823840164174,-2.228388583691601,Cir,
53.78857367055917,-2.2278226872173947,Rea /
53.788372128221305,-2.2296321347336643,
53.79023477565002,-2.224347204305031,
53.79033497533784,-2.227933153309962,J0wling
53.788628532745655,-2.225993213684344,
53.78900494830294,-2.2253911411798226,
53.78867044136033,-2.2262348178868017,
53.78827726235717,-2.225906003611264,
53.78860110165241,-2.2279428433180826,?
53.7886190080605,-2.2280210093835833,
53.789167248937964,-2.2291902703633935,VSS.)
53.79023591861224,-2.224387902339135,
53.78853595280596,-2.223847845886582,| 386'5
53.78848985332981,-2.2291340683162977,
53.78841213189895,-2.229538464655171,Pose /
53.79046908290481,-2.228589489859955,
53.79057423542891,-2.229006160209114,
53.789011425088844,-2.2281941375286602,go
53.78858967203022,-2.225718663454278,“85, +
53.78891503527508,-2.2263943800205106,Stand
53.78923277877182,-2.225888561596648,“Stand
53.790363549393305,-2.22503067287776,
53.788529095032644,-2.2257257694602326,Sg
53.79054947124751,-2.228360805668324,
53.78819001624116,-2.229154094333079,
53.790762824194964,-2.2236404797128144,
53.788980184121534,-2.222655974887825,
53.788817883486516,-2.2269725505050024,
53.78887084073597,-2.2274118308731077,
53.7883100272741,-2.2281708815091723,
53.788230400906215,-2.228344655654791,
53.79023363268781,-2.224310382274175,
53.78820563672481,-2.2291282543114255,
53.79057537839113,-2.229140528321711,
53.788492520241654,-2.2251120689459674,
53.78859881572797,-2.2278982692807303,
53.78856719377326,-2.223896941927723,
53.788942466368326,-2.2277794051811255,ds,
53.7893489799307,-2.222542924793092,
53.78860834041313,-2.2278472352379652,, Le  Oy
53.78848413851872,-2.2247619366525657,
53.78879159535549,-2.226946710483349,
53.78914286574397,-2.2287871660256027,
53.7905117534943,-2.2288155900494213,Addi
53.78887846048409,-2.2225952508369398,By,  on
53.7889283698343,-2.222605586845601,
53.78852147528452,-2.227419582879604,
53.78876492623706,-2.227774237176795,
53.78857024167251,-2.2239802759975547,
53.78893713254464,-2.227716097128075,go?
53.78843384818111,-2.224538420465265,
53.78819915993891,-2.226028097713576,
53.79068281683967,-2.2293653365100945,
53.78833021960663,-2.228282639602823,
53.78891503527508,-2.222809723016662,
53.788595386841315,-2.2278188112141466,a P
53.78820068388853,-2.225033256879925,
53.788978660171914,-2.2226895669159745,
53.78872873243347,-2.2263594959912787,aah.  t.P
53.78935012289292,-2.223006107181227,
53.789636625422354,-2.224629506541593,\
53.788252117188364,-2.227801369199531,
53.790573854441504,-2.228460289751689,
53.78877140302296,-2.2270300445531808,
53.78896837351195,-2.2277600251648852,
53.788735590206784,-2.2231088212672985,
53.78890855848918,-2.22233814262149,
53.79063633637612,-2.2287245039730936,
53.78844794471513,-2.229099830287607,
53.78826964260905,-2.227831085224432,iH
53.790116669554116,-2.2276682930880165,
53.788159918236076,-2.2262884359317323,
53.78886436395006,-2.2294376885707234,
53.789617576052045,-2.2265791361753315,
53.78890246269068,-2.226329133965836,
53.78865710680111,-2.2282580915822523,
53.789204585703764,-2.2290752822670363,
53.78875082970303,-2.226703168279267,
53.788559574025136,-2.2276592490804377,
53.788910082438804,-2.2226178608558866,We  om  4
53.790448890572286,-2.223374973490327,
53.78834622107769,-2.2284015037024276,
53.78825973693649,-2.228885358107885,He 7
53.78858319524432,-2.22790795928885,
53.78892036909877,-2.222568764814745,
53.78816334712273,-2.2277148051269924,
53.788925321935054,-2.2228006790090835,
53.78853671478077,-2.2238207138638457,$9
53.78919048916974,-2.2227328489522433,
53.789150104504685,-2.2229350471216804,
53.79057423542891,-2.2290675302605405,
53.78894513328017,-2.2278045992022375,
53.788803024977675,-2.2259518696496983,
53.78989379192151,-2.2241669701539997,g”
53.78864186730487,-2.227031982554805,
53.788578623395445,-2.22777682117896,
53.78895046710386,-2.2223646286436844,
53.78869215764248,-2.2274518829066703,
53.78928040219759,-2.2226114008504734,3 t  ee
53.788270785571264,-2.2279202332991357,
53.788522237259336,-2.229121148305471,
53.78886779283672,-2.2284874217744246,
53.788349649964346,-2.2280339293944103,
53.788318408997036,-2.22736919483738,
53.79060166652216,-2.2240132220251625,
53.78848566246834,-2.2254531572317906,
53.78830126456376,-2.228059123415522,26 +
53.78895427697792,-2.222378840655594,
53.7893306925352,-2.222922127110854,
53.78915162845431,-2.2227832369944673,
53.7884090839997,-2.226582366178038,
53.78945032258074,-2.222579746823948,
53.78899694756741,-2.222655974887825,
53.788665488524046,-2.227924755302925,
53.78851156961196,-2.227207694702047,
53.788540143667426,-2.227544906984622,
53.78902361668584,-2.222623028860217,
53.78847118494691,-2.2242955242617244,
53.78832107590888,-2.228131475476151,
53.78867387024698,-2.228495819781462,
53.788336315405125,-2.2291863943601453,
53.78858319524432,-2.2266954162727712,
53.78944079789559,-2.222501580758447,aes
53.788234972755085,-2.2276915491075044,
53.78898818485707,-2.222654682886742,
53.78859881572797,-2.223743839799427,
53.78836031761171,-2.2286075778751124,
53.789240398519944,-2.2225274207801,way  &y  Xe"
53.78933488339667,-2.223055203222368,
53.79031059214385,-2.223404043514687,
53.78904952382946,-2.229542340658419,
53.790725106441755,-2.2237819538313657,
53.7889283698343,-2.2224738027351694,
53.788402988201206,-2.22785434124392,
53.7891264832855,-2.2225145007692735,PINS YE ENN
53.789964655579055,-2.224030018039237,
53.788992756705944,-2.2226630808937795,
53.78900723422738,-2.2226572668889077,
53.78827611939495,-2.2259873996794717,
53.79013495694961,-2.22370637176803,
53.78900037645406,-2.2226805229083957,a  &
53.78900723422738,-2.2226766469051475,ieee,  (2 OF
53.78901675891253,-2.2295765786871096,
53.78897065943639,-2.2224479627135163,
53.788997328554814,-2.222829103032902,
53.788454802488445,-2.2279822493511037,
53.788246402377276,-2.228090131441506,
53.78866053568777,-2.2270171245423542,
53.78846508914841,-2.2280933614442127,
53.78876340228743,-2.2276334090587846,
53.78832107590888,-2.227082370597029,
53.7893489799307,-2.2229867271649866,
53.78872149367275,-2.2276153210436274,
53.79066833931823,-2.223887251919603,
53.789027045572496,-2.2226566208883662,
53.789008758177,-2.229512624633518,
53.78964957899416,-2.2246017285183157,
53.78930135650493,-2.22306101722724,
53.78885102939085,-2.2267348223057923,
