53.79002142270257,-2.270730034411943,Wharf
53.79072053459288,-2.270744892393619,/4 ¥,  > a
53.79008238068756,-2.269550439866698,priag? {
53.79072243952991,-2.2704852007138885,
53.78999589654636,-2.2699193054117885,
53.790188295186475,-2.2719212569428477,\C  ot ‘401
53.789687296747374,-2.269407028043563,% °  i
53.789966941503494,-2.2710924399650003,PBM.420-0
53.78999475358414,-2.269879253461183,Bridge
53.78932612068633,-2.269054958477759,SUADA ADD Brae per te
53.78853557181855,-2.269383126073041,pes red dns  uy
53.78990712648073,-2.2737055067423917,wat ¥*
53.79018600926204,-2.2705995425728744,Towit Aen eens
53.79008276167497,-2.2694593539790313,
53.790679006965604,-2.2710614320032416,Bleds
53.79068167387745,-2.269841785507391,Clough
53.78821135153591,-2.2721008447213684,Smalisha
53.79064967093533,-2.271324353678989,
53.78999703950858,-2.269737133636455,oe
53.78897218338601,-2.269564651849171,TRAMWA
53.790626430703554,-2.2698482454994244,
53.78980159296922,-2.2727978778617404,oy'W
53.790571568517066,-2.2737042147439848,
53.789325739698924,-2.271509755450339,/p.M.424°*
53.790242776385554,-2.268988420559818,422  0
53.789807307780315,-2.269508449918483,429°9
53.79023668058706,-2.270845668269336,+  4  98
53.7899673224909,-2.271034946035906,9:04
53.79080092293558,-2.2712771957371474,utd Ae  rid "t  Hho
53.790674054129326,-2.269897987438079,
53.79059633269847,-2.267556886325282,
53.79059633269847,-2.2675129583794567,3.61
53.78936193350251,-2.2728779817629507,
53.78990445956888,-2.27043868877125,4237
53.790727011378785,-2.27016155511303,
53.78984502553352,-2.2696137477886227,
53.790795208124486,-2.27045031675691,
53.79063062156502,-2.267439314470279,
53.78882626520945,-2.2719884408599924,| 425°\
53.7905178492928,-2.2708915342127707,
53.78981226061659,-2.267667998188251,
53.7882109705485,-2.2720620847691695,
53.79068129289004,-2.266908303125158,433°
53.790102573020086,-2.2697132316659325,
53.79072015360547,-2.270057549241297,
53.79059671368588,-2.267600814271107,oy € c=
53.788558812050326,-2.2692435902451256,pert ect  Viidiaed dale tl sheath
53.78841594177302,-2.2695904918173033,
53.78981607049065,-2.272824363829076,or  Pg
53.790260301806235,-2.2680601197046606,in
53.78983092899949,-2.2723560144066757,
53.78981645147806,-2.272864415779681,
53.79031592596753,-2.2728127358434165,
53.78990712648073,-2.270177059093909,
53.7885698606851,-2.2682868654250226,Boundary
53.79092512482998,-2.2736841887686823,yA?
53.79002142270257,-2.2696932056906296,
53.79021115443084,-2.27035664687243,' Say:
53.79077387282974,-2.2703482488827866,
53.78980197395663,-2.267573682304568,
53.790691960537416,-2.270596312576858,Corporation )
53.79018639024944,-2.270115689169595,
53.78984693047055,-2.267900557901443,
53.78839955931455,-2.2696596137320575,
53.789394317432034,-2.2690665864634187,
53.78944041690818,-2.2666576554342734,¥o.
53.790242776385554,-2.269164132343118,
53.789325739698924,-2.271456137516464,
53.790206582581966,-2.2720039448408715,Rosegrove ‘ove
53.79061157219471,-2.2712377897857454,
53.78820677968703,-2.2722261685668106,ow
53.790766253081614,-2.2710032920749437,
53.79075368049721,-2.2712978677116533,
53.78976158929157,-2.273808220615718,
53.7905734734541,-2.271158331883738,
53.79048317943884,-2.2707959263306807,
53.78841632276042,-2.2696428177527714,B.M.444°5
53.790641289212395,-2.2711757738622276,
53.78869558652914,-2.266536853583254,
53.78948804033395,-2.2691202043972933,
53.79067748301598,-2.2712545857650315,
53.78854128662964,-2.2684884171764557,lg
53.78848223358169,-2.2695078039192795,
53.7885881480806,-2.2696066417973864,499  ‘4
53.78971701376505,-2.2694813179519437,
53.790691960537416,-2.2707203444238937,(Be nley
53.788633866569334,-2.267817870003419,
53.79074415581206,-2.270235199022207,
53.79059290381181,-2.2715814613619063,
53.78882664619685,-2.267456110449565,CLIFTON!
53.79033459435044,-2.2675187723722865,
53.78820677968703,-2.272156400652853,co
53.78944079789559,-2.273005243606003,
53.790642051187206,-2.2672836286622813,
53.78820716067444,-2.272191930609035,
53.790412315781296,-2.267538798347589,picKsON
53.78981607049065,-2.27290123773427,mM,  ¢
53.78976197027898,-2.267345644585799,
53.7899981824708,-2.2693308001375723,
53.78982902406246,-2.272825009828279,
53.79059328479922,-2.2716299113021545,om %o, 0, \
53.790729678290624,-2.270960656127525,ater
53.79023629959965,-2.270428352783997,Oi OVE thadtel’ nt @ fe
53.789497184031696,-2.2714735794949537,aa
53.79062871662799,-2.2673747145499483,
53.79076015728312,-2.270430290781607,
53.788563764886604,-2.2693708520881777,we apeenanedes
53.78939469841944,-2.2694302840148826,
53.79055937692007,-2.2709942480860974,
53.79047213080406,-2.2713560076399513,
53.7898187374025,-2.269343720121639,
53.78964767405713,-2.2669070111267513,Pep ee agg Delite ahds
53.79011057375561,-2.2668165712382877,Gannow
53.78869558652914,-2.2693805420762274,vueR toes
53.79074796568612,-2.2719348229261174,#19  \  °€
53.79031859287938,-2.2710717679904944,A /
53.78983092899949,-2.268441259234614,
53.790381074813986,-2.2684580552139,
53.788720350710534,-2.2694050900459533,. meaneneereenes
53.78937031522545,-2.2692364842538892,POS VODTCoge PE
53.789357742641045,-2.272961961659381,wns
53.78858738610579,-2.2689645185892955,Viviane
53.79055975790748,-2.2671072708797775,€ r ‘a Me  y
53.788320313934065,-2.268830150755007,
53.790382217776205,-2.2704981206979546,
53.79011133573043,-2.266727423348231,re How?
53.79032659361491,-2.270366336860479,
53.78869634850395,-2.2665911175163322,7 g.hes®
53.790296876597225,-2.270520084670867,
53.789757398430105,-2.273264935285734,
53.78984731145796,-2.2682849274274126,
53.78870206331504,-2.2667778112860892,
53.790260682793644,-2.2679897057915,1 pridg?
53.78974825473236,-2.2737235947200842,
53.790419173554604,-2.2707978643282907,
53.78977911471225,-2.267440606468686,
53.78981835641509,-2.269100178421991,
53.790107525856364,-2.2701047071831386,
53.79082263921773,-2.2700485052524506,ESBS
53.79080054194817,-2.270638302525073,
53.788891795043305,-2.267029104976177,& COLNE LINE.
53.790642051187206,-2.2670672189291725,
53.790554424083794,-2.2675833722926173,A
53.78853823873039,-2.267850815962788,
53.78964767405713,-2.2690749844530615,
53.79030373437054,-2.270556906625456,
53.788699777390605,-2.269163486343915,fener
53.79066300549455,-2.2669031351315314,
53.79046413006853,-2.2706932124573544,
53.789496803044294,-2.2716189293156983,
53.78944041690818,-2.269051728481742,aber
53.78896989746157,-2.269493591936807,
53.79049460906103,-2.269084028441908,“Oy
53.79055366210898,-2.2671718708001087,\ Grey
53.79074948963574,-2.27045419275213,1S  YS
53.79079673207411,-2.2701647851090465,
53.788894080967744,-2.2694968219328233,
53.79070681904626,-2.2694903619407905,
53.78838279586868,-2.268651854974893,ASNT Yad
53.79046451105594,-2.269080152446688,
53.78852071330971,-2.2686253690075575,ig
53.790831782915475,-2.2695736958380173,
53.79060890528287,-2.2715504534001476,ye AN
53.78819801697669,-2.2688973346721513,
53.79050299078396,-2.2680039177739726,#29, v
53.79023553762484,-2.2697623276053838,
53.78855843106292,-2.2686692969533824,
53.78890246269068,-2.2672132147491206,
53.789566904727025,-2.269467105969471,v4
53.78915353339134,-2.2726906419939907,
53.78855157328961,-2.2684192952617015,Vard 3B
53.788458612362504,-2.2722061425915077,.  729.5
53.79007399896462,-2.270879260227908,
53.7909072184219,-2.2730847015080102,419-8
53.78858776709319,-2.2695769258340337,
53.78858929104282,-2.2684470732274438,Sy ey me Wau atte
53.79058528406369,-2.2675917702822606,well,
53.78929564169384,-2.2690226585175934,
53.78844756372773,-2.2693889400658707,
53.78879083338067,-2.2695032819248566,erry gga Luh
53.78941374778975,-2.2736609327973634,
53.79016429297988,-2.269560775853951,420.
53.79062109687987,-2.2669696730494726,o  a1
53.79058109320222,-2.271043990024752,
53.79038983752433,-2.2688546987247324,
53.79009266734752,-2.2700129752962686,
53.790119336465956,-2.2670316889729905,
53.78971701376505,-2.2693928160610906,vi
53.7900229466522,-2.269888943449233,
53.79093007766627,-2.2733243672124384,a 8.M,421-83
53.79035631063259,-2.2685607690872263,
53.79013076608814,-2.2702649149855594,
53.78874320995491,-2.2689348026259433,Vivessvee
53.78982826208765,-2.2677416420974286,
53.79061195318212,-2.267587248287837,
53.79039783825986,-2.268435445241784,Se  #2,
53.790153244345106,-2.2702687909807793,« 418-9
53.790689293625576,-2.2699858433297293,
53.788213256472936,-2.2695039279240596,
53.78919582299343,-2.269074338453858,ceeenasens WEN esere
53.78885179136566,-2.267278460668655,/ACCRINGTO!
53.79093045865367,-2.2710969619594237,
53.79074987062315,-2.271907044960375,
53.7892621148021,-2.269196432303284,tf hariney -
53.78974825473236,-2.2672797526670614,
53.78948804033395,-2.271759111142817,
53.79064548007386,-2.2699535433695637,
53.79092550581739,-2.2710594940056317,
53.78838279586868,-2.2697739555910434,
53.78982102332694,-2.2694076740427667,‘e\
53.78999894444561,-2.266582073527486,
53.789687677734776,-2.2670155389929074,
53.789030093471744,-2.2691479823630356,
53.78997265631458,-2.2691208503964964,=
53.78930249946715,-2.269529767892192,rd S —
53.79044431872341,-2.2708656942446384,
53.78924230345697,-2.269007154536714,s] 9805000.
53.78886207802563,-2.266577551533063,"bop
53.790226393927085,-2.271797225095812,» Mills
53.78930173749234,-2.26958596982288,
53.78992541387622,-2.2699677553520368,49'5"
53.790157054219165,-2.2721854706170017,_Chininay|
53.789929223750285,-2.2712209938064594,%, é
53.790674435116735,-2.2698275735249185,
53.78873901909344,-2.269508449918483,
53.78865863075074,-2.2691124524068536,One senae
53.78873863810603,-2.2693727900857876,
53.78961148025355,-2.2691214963957,PPS Ty
53.789272782449466,-2.2695652978483745,/¥s9, 6
53.790537279650515,-2.2671382788415366,
53.790155911256946,-2.269828865523325,
53.78967739107481,-2.269090488433941,SURO DT eg,
53.78871996972313,-2.2666725134159496,
53.7898869341482,-2.2720711287580158,
53.79077577776677,-2.2665491275681173,
53.78977911471225,-2.2689735625781418,
53.78983854874762,-2.2699438533815144,LZAl
53.78936688633879,-2.2690491444849292,ceneeebars fees
53.79070758102107,-2.2700698232261596,MEST Eys
53.78989074402226,-2.271651229275864,
53.78903047445915,-2.269079506447485,
53.79010219203268,-2.2698753774659632,
53.78863729545599,-2.267664122193031,
53.7899238899266,-2.271164145876568,
53.79033459435044,-2.2691744683303714,
53.7909075994093,-2.270967116119558,
53.790555948033415,-2.2695652978483745,
53.79081921033107,-2.270566596613506,A  \  i Ng es  ae \
53.79067062524267,-2.2697946275655494,Yo
53.78860300658944,-2.269171884333558,eRUMeP eng reeee
53.78998408593677,-2.269342428123232,
53.78973339622352,-2.273783672645992,who
53.789566904727025,-2.26949811393123,429, 1429.
53.79089616978712,-2.2724257823206333,» 4196
53.789153152403934,-2.269188034313641,aveenireseece
53.78908952750711,-2.2690846744411113,wean     ven gnesieee
53.78964729306973,-2.26911374440526,
53.78840070227677,-2.2685943610457984,STP T AT Pep ay  t
53.78817477674492,-2.269542041877055,{444-7
53.78990979339257,-2.2705698266095222,wv
53.78986902774011,-2.2718663470105667,%o yp
53.790483560426246,-2.2680000417787527,>" ¢
53.79064967093533,-2.2697810615822798,
53.79059595171106,-2.273625402841181,
53.78821287548553,-2.271268797747504,
53.79021953615378,-2.2707888203394444,2
53.789949035095404,-2.2712080738223928,
53.788178967606385,-2.272214540581151,5. ves
53.79084930833616,-2.270697734451778,
53.78846889902247,-2.2682926794178524,
53.79047251179147,-2.2709328781617826,
53.78844489681588,-2.269497467932027,
53.78845975532472,-2.2721764266281554,ot
53.789842739609085,-2.2678482319659747,
53.7890396181569,-2.2693204641503195,ak ‘ aint
53.79047898857737,-2.26910793041243,
53.78846775606025,-2.2692829961965275,
53.79039212344877,-2.2687590908426425,
53.79031059214385,-2.270278480968829,
53.788944371305355,-2.269485839946367,ji ee
53.78992008005253,-2.2706706024852386,
53.78981226061659,-2.2685484951023636,
53.78903657025765,-2.2692532802331753,eteaa hhh hid Aday
53.789427082348965,-2.2730588615398775,
53.78845899334991,-2.2683618013326066,
53.78872606552163,-2.2693308001375723,erreeree     “ toner  Vreeereom
53.79049727597287,-2.2709845580980477,
53.79028430401282,-2.2706060025649073,
53.789825595175806,-2.2727545959151185,225  x
53.79018410432501,-2.269379896077024,
53.7891017191041,-2.266773289291666,39,
53.78942174852528,-2.2691428143694092,
53.79007933278831,-2.272699039983634,
53.788577861420634,-2.269095010428364,Adisiad aiken ld ihi
53.79042260244126,-2.2687668428330823,
53.790419173554604,-2.268749400854593,ey)
53.790834068839914,-2.270510394682818,Say?  7
53.790326974602316,-2.2691066384140237,
53.79050680065802,-2.2710142740614,
53.790521278179455,-2.26713311084791,
53.78924230345697,-2.2694367440069154,°F
53.79046146315669,-2.2713340436670384,J bl
53.790605476396216,-2.2710866259721705,
53.78942136753787,-2.2729529176705348,—_— San,
53.79049003721215,-2.2705581986238625,
53.79014600558439,-2.270353416876413,
53.79034107113634,-2.270594374579248,
53.7895714765759,-2.26911762040048,seeveyenete beer epee
53.78852338022155,-2.2686008210378317,
53.78949375514504,-2.2692578022275987,rmeerensets
53.789028950509525,-2.269021366519187,
53.79037459802809,-2.2683837653055194,Le  --37
53.78922630198592,-2.2717138911985852,
53.78870206331504,-2.2689167146482503,
53.78852185627193,-2.267965157821774,
53.789028950509525,-2.2690497904841327,
53.7887797847459,-2.2692558642299883,
53.79069805633591,-2.2700226652843183,
53.7904126967687,-2.2687810548155554,
53.78825630804983,-2.2687862228091817,nese 18et        Pease
53.79020924949381,-2.270385070837375,tr abe, a
53.789462895165144,-2.2690730464554516,
53.78924344641919,-2.2692739522076812,eal  POA te teeeds
53.789807688767716,-2.269478733955131,
53.7902519200833,-2.270576286601555,
53.7901654359421,-2.270500704694768,Y/
53.790328879539345,-2.2703204709170444,
53.789579858298836,-2.2690730464554516,
53.78865558285149,-2.268864388712782,
53.78918934620752,-2.2691983703008938,
53.78874968674081,-2.2672946106487375,' v  i ferery  i 4  1 \ 1 Lu  ’ ! i  ‘  ' 4  1 hh  Y  the ! i i Wahab d
53.789147437592845,-2.2689961725502577,waebteeweee
53.788834646932386,-2.2689309266307234,Sterereoes
53.79056051988229,-2.2679599898281477,
53.7908889310264,-2.270864402246232,
53.79033535632525,-2.270425768787184,
53.78855538316367,-2.267742934095835,
53.788685680856574,-2.2689399706195696,
53.789876647488235,-2.2704955367011417,
53.78848261456909,-2.268218389509472,
53.78816868094641,-2.2714135015690458,
53.790937316426984,-2.2711389519076386,
53.7892068716282,-2.26901619852556,
53.790432889101226,-2.2691596103486953,
53.79091598113224,-2.2710129820629934,
53.78920725261561,-2.2691906183104544,UNSAFE eee
53.790505276708394,-2.270558844623066,
53.79048927523734,-2.269100824421194,
53.788924559960236,-2.267062696934749,
53.788563764886604,-2.2676880241635535,
53.790518992255016,-2.2709406301522224,
53.79016200705545,-2.2672732926750285,
53.78879083338067,-2.269040746495286,
53.78870511121429,-2.26760533626553,
53.790381074813986,-2.270415432799931,
53.788870459748566,-2.268945138613196,CeeeeEbrsrovese
53.7886064354761,-2.2692933321837803,Sty sees ee r
53.789911317342195,-2.2669179931132075,eet tp Works a
53.78860300658944,-2.268348235349337,. or t Hubb OLGA Lk  ‘
53.78950327983019,-2.266547835569711,
53.78921106248967,-2.2717145371977887,
53.78948575440951,-2.271803039088642,
53.79093274457811,-2.273394781125599,Ie
53.789080002821954,-2.269219688274603,sonnel     trspeseree
53.790237823549276,-2.2706408865218863,
53.790517468305396,-2.2681518515915307,
53.78985340725646,-2.268009085767599,
53.789100195154475,-2.268999402546274,ethaseoees
53.789060953451646,-2.268965810587702,
53.790501847821744,-2.2682196815078783,IF
53.79078492146452,-2.2706706024852386,
53.790069808103155,-2.2698094855472255,
53.78970025031918,-2.267058174940326,
53.789323834761895,-2.2691615483463052,
53.79097617714241,-2.271661565263117,
53.790864547832406,-2.2707597503752956,
53.7909262677922,-2.269714523664339,
53.79028582796245,-2.2702959229473185,
53.79085730907169,-2.2706034185680943,
53.78833212454366,-2.270673186482052,
53.790051139720255,-2.266962567058236,
53.78950556575463,-2.269100178421991,VET yD eHeee
53.79044774761007,-2.268877954696052,come es
53.79035859655703,-2.2692099982865535,a SAR +e
53.78817553871973,-2.2695136179121094,
53.78927621133612,-2.2690394544968795,seeeerrerees
53.788874269622625,-2.2671428008359595,
53.788320694921474,-2.272195806604255,
53.79101427588303,-2.2666705754183396,age
53.79102951537927,-2.270486492712295,
53.79036507334293,-2.269200954297707,
53.79026677859214,-2.2702720209767957,
53.79099941737419,-2.2717836591125424,
53.79087712041681,-2.271266859749894,
53.78874397192972,-2.2693075441662534,Meieee penne
53.790505276708394,-2.268059473705457,
53.790902646573024,-2.2709367541570025,
53.79053042187721,-2.268092419664826,
53.78835193588878,-2.272085340740489,a,
53.789012187063655,-2.2694903619407905,
53.789563094852966,-2.269547855869885,Mn
53.78874206699269,-2.2691434603686123,
53.79082873501623,-2.2700420452604173,
53.7896892016844,-2.2691415223710023,
53.78865558285149,-2.2688915206793214,BSSy
53.78860986436275,-2.2689625805916855,
53.79033802323709,-2.2692849341941375,
53.79029725758463,-2.2708140143083737,
53.78826278483574,-2.2688172307709404,vee     steee aqenueess
53.789550903255964,-2.2690859664395178,eau dere
53.79028430401282,-2.2707474763904325,
53.788526047133395,-2.2694477259933716,TINS
53.78891236836324,-2.267301070640771,Bs
53.78820182685075,-2.2724180303301935,
53.79099103565125,-2.2717461911587504,
53.78867196530995,-2.2669716110470826,fen "Te t hoy }
53.78955471313003,-2.2736835427694793,
53.79024734823442,-2.2706744784804584,
53.79096055665876,-2.2715859833563297,
53.79081044762073,-2.270199023066822,
53.78826202286093,-2.269250050237159,
53.79035478668296,-2.2686027590354416,%
53.79042565034051,-2.2668533931928767,6)
53.78866129766258,-2.269319172151913,
53.78874359094231,-2.269337906128809,avusessee  reeree
53.790951412961014,-2.270510394682818,
53.78865863075074,-2.2670652809315626,
53.78912762624772,-2.2690084465351203,sertirreraere «
53.788232305843245,-2.2687694268298957,
53.788772926972584,-2.2690375164992695,seanenene
53.79080587577186,-2.270657036501969,
53.78842508547076,-2.2685174871406044,
53.79094722209955,-2.2711945078391236,
53.78957490546255,-2.266766829299633,eet dl  Nadal ad  ataure
53.78866739346108,-2.267879885926937,
53.79037116914143,-2.270421892791964,
53.79042145947904,-2.2706144005545505,
53.79032202176604,-2.270433520777624,
53.79089883669896,-2.2705187926724606,
53.78819115920338,-2.2710569100088183,
53.79031744991716,-2.2690807984458914,
53.78877940375849,-2.2692907481869673,
53.788177062669355,-2.26892834263391,
53.78834507811547,-2.2706835224693047,
53.79069805633591,-2.2712985137108563,
53.78864301026709,-2.2693256321439463,
53.79033992817413,-2.2691014704203973,
53.78852109429712,-2.2689373866227562,
53.789917032153284,-2.2668372432127937,
53.78866129766258,-2.2693475961168588,ws de rns
53.79066071957011,-2.2698314495201384,
53.79012543226445,-2.273100851488093,
53.78909181343154,-2.269229378262653,
53.79000542123151,-2.267105978881371,
53.7886502490278,-2.2680077937691925,
53.79068434078929,-2.269951605371954,
53.78940384211719,-2.2691421683702058,
53.79044431872341,-2.269196432303284,
53.78974825473236,-2.273695816754342,<3
53.7902831610506,-2.2708598802518085,fat Ee
53.7895718575633,-2.269151212359052,
53.790414601705734,-2.2675814342950074,Dd
53.79094493617511,-2.2705284826605103,
53.79032125979122,-2.2691796363239978,
53.78953528277231,-2.269065294465012,eereereen
53.78920572866598,-2.269042684492896,vasesore  lessee
53.78877711783405,-2.2689212366426736,
53.78972806239983,-2.269289456188561,\\
53.79057537839113,-2.2675459043388253,
53.789896458833354,-2.2670278129777706,
53.78990064969482,-2.2733353491988946,
53.78864072434265,-2.269134416379766,Sesenersssee seas
53.791022657605964,-2.2705039346907845,
53.790328117564535,-2.270419954794354,
53.789272401462064,-2.269533643887412,
53.78844680175291,-2.268422525257718,
53.79031059214385,-2.2691518583582555,
53.79087788239162,-2.270497474698751,
53.78864567717893,-2.2671486148287894,Tt vie
53.79030640128238,-2.270632488532243,
53.790343738048186,-2.269278474202104,
53.78833860132956,-2.270120211164018,yt eri plus Lh vil bb ult  ‘ |
53.78831421813557,-2.2721983906010683,
53.789807307780315,-2.268624723008354,
53.78863424755674,-2.2672216127387634,
53.78836412748578,-2.2687087029047843,
53.788217447334404,-2.27129334571723,
53.78879083338067,-2.2690187825223735,
53.79089655077453,-2.272460020278409,bs
53.78909181343154,-2.2692513422355653,
53.78920610965339,-2.2692183962761963,ae
53.788215542397374,-2.269280412199714,beep
53.7899551308939,-2.271173189865414,
53.79084168858804,-2.270027187278741,
53.7898747425512,-2.2736279868379943,
53.78877673684665,-2.268899272669761,
53.78835726971246,-2.272092446731725,
53.789098290217446,-2.2691932023072674,rd
53.79094265025067,-2.2711654378749744,
53.78941412877715,-2.269169300336745,
53.79054528038604,-2.268029757742105,fa
53.79011705054152,-2.2673301406049196,
53.79071977261807,-2.269523307900159,
53.79004123404769,-2.2669664430534557,
53.78978254359891,-2.2734122231040885,--
53.78945603739183,-2.269115036403667,
53.79019896283384,-2.270469050733806,
53.78955052226856,-2.269228086264246,
53.789096766267825,-2.2692287322634495,
53.78860110165241,-2.2693740820841946,
53.79042565034051,-2.268863742713579,
53.79042869823976,-2.2688999186689642,
53.79036697827996,-2.2674858264129174,
53.7892003948423,-2.2692435902451256,sane
53.789724252525765,-2.267162180812059,
53.79025687291958,-2.270636364527463,
53.790210773443434,-2.2665898255179258,
53.78862357990937,-2.2673004246415673,
53.78990750746813,-2.2669425410829334,
53.78992008005253,-2.2669302670980707,
53.790155149282135,-2.2672674786821987,
53.788233067818055,-2.2692700762124614,Wed eesens
53.790362025443685,-2.2691615483463052,
53.789305166378995,-2.2736467208148903,
53.78971206092877,-2.2691234343933098,
