53.779708847304065,-2.2311948100431453,
53.779694369737655,-2.231280082114601,Methodi:
53.78124194538949,-2.234117316492129,
53.78022508684327,-2.2321890048762545,! Butterfly
53.781359289875155,-2.229738724822984,MUFLING
53.78033824045444,-2.231727760489744,¢  Ey  "83.9,
53.7796814161256,-2.2312135440588436,goats?
53.77975380395766,-2.2311560500106653,Chapel
53.78086667162852,-2.2317251764875783,Infants
53.77966389065047,-2.2299202509750984,| Rockwooa
53.7809573469129,-2.234193544556006,
53.779546165176214,-2.2325591631864374,’ Boundary
53.78019155984737,-2.232158642850812,vw  oH.)
53.780961537787384,-2.2323808670370298,Boys
53.78022584882045,-2.233785918214426,
53.78166789063291,-2.2355191376668184,
53.781280044248476,-2.2340171864082228,JE STREET
53.7797301826651,-2.2356321877615515,shaf v
53.78019155984737,-2.2324054150576007,
53.78051616212589,-2.2302671532657934,STONEY
53.78138100622478,-2.2337193801586688,
53.77965931878739,-2.233018469571324,Station —
53.78012793475286,-2.2353266295055016,. o73.,
53.78192886781693,-2.23576720187469,
53.77971989597317,-2.2311347319928014,on ) 300
53.7805980746727,-2.230763927682077,RILEY
53.78135281306913,-2.2350559552786837,
53.78093296364315,-2.2346270109192394,
53.78130480850681,-2.234980373215348,
53.78137071953285,-2.230574649523467,
53.77950273247697,-2.232696761301741,mCounty :
53.78118022523794,-2.2344118927389762,
53.78089562676135,-2.233085007627081,470-4
53.78108193018177,-2.2346347629257357,
53.781166890637294,-2.234762025032378,
53.7808038085112,-2.234238118593358,
53.77987495832922,-2.2349500111899054,
53.78100001763496,-2.2345055628174695,
53.779771710421386,-2.2340830784634385,<o52-1
53.779713419167145,-2.233251675766745,| ! 1 Kathdas ahd
53.779669224490725,-2.2332142077353474,
53.780669319538994,-2.234066282449364,
53.780896769727114,-2.2341089184850915,Boundar
53.78151930508288,-2.235338903515787,
53.78158064424584,-2.2354312815931974,
53.7797298016765,-2.235695495814602,gO L
53.78019232182454,-2.23225489693147,\ Royal -
53.78084305033595,-2.234285276632875,
53.78115431801383,-2.23434083267943,
53.781619505082,-2.2354719796273015,iia ta't ty ines
53.780582073151926,-2.2301017771272122,EY STREET
53.781491873904415,-2.2345688708705196,
53.78192048606796,-2.2309609578471834,-- ar  8M, ¢4¢
53.780741707371064,-2.234159952527857,
53.78144844120517,-2.2352187474150993,
53.78096191877597,-2.2344500067709148,
53.77970046555509,-2.231174784026364,
53.78008869292811,-2.2336366920893784,aos bo illbh ade
53.781392435882466,-2.235122493334441,
53.779874577340635,-2.2333886278815074,
53.780882292160705,-2.2345604728634827,
53.78066093779002,-2.2342600826117636,
53.78074246934824,-2.234372486705955,Vpn Uh pe  yy  t  ‘  Vee  y
53.78094020242636,-2.2302884712836573,
53.779683321068546,-2.2329700195307245,form
53.78015041307966,-2.233411237900454,
53.78080457048838,-2.2330010275567083,‘1  3.
53.77970960928124,-2.2341147324899637,&  556.  A  0
53.78049520775345,-2.2338304922517778,
53.78091124729353,-2.2343789467113684,
53.78178485412998,-2.234711636990154,
53.78104764120869,-2.2301218031439936,o
53.780522257943325,-2.2333311338333286,490°?
53.77970960928124,-2.2340785564596493,04\
53.78172656287574,-2.2355695257090424,it lites
53.781242326378084,-2.2348795971309,
53.779722943881886,-2.232737459335845,
53.77952444882659,-2.232626993243277,Bord J
53.78019917961916,-2.232187712875172,pote
53.78082933474672,-2.2344881208028533,
53.78093563056328,-2.234097936475889,. 4s”
53.78080571345415,-2.2330372035870227,
53.78130785641553,-2.2309325338233648,
53.780063928669776,-2.2329958595523776,
53.780989349954446,-2.2346987169793273,
53.78176466173472,-2.2356044097382743,
53.78104421231138,-2.2345759768764744,
53.780490635890374,-2.233618604074221,
53.779767519546894,-2.2331244136601027,
53.779773615364334,-2.233052707600015,[
53.78117946326076,-2.2343563366924215,
53.779874577340635,-2.2333014178084274,
53.780958108890076,-2.23209468879722,
53.78124194538949,-2.2301838191959615,eZ
53.781879339300254,-2.235909967994324,
53.781128791778315,-2.234703884983658,
53.780522257943325,-2.2306767176089974,EY STREET
53.78012831574146,-2.2331515456828384,Whitefie
53.78130176059809,-2.2299254189794286,oy He
53.77973665947112,-2.2327536093493783,
53.780940583414946,-2.2321980488838333,
53.78080342752261,-2.2329680815291004,eit
53.78094439330084,-2.234915773161215,TRA
53.77999839863233,-2.234318222660483,“gf?  1
53.780198417641984,-2.233468085948091,
53.781196226758716,-2.2348040150675645,
53.782049641199904,-2.23483566909409,
53.78156692865661,-2.2356483377750846,ery ys mT i
53.78096382371893,-2.2320455927560787,
53.78070398950067,-2.232758777353709,~ 474°§
53.77977894920459,-2.233265887778654,Ooms
53.77992220091436,-2.233445475929144,
53.78151130432249,-2.235547561690637,
53.77958312106942,-2.2328091653959325,ere
53.77958312106942,-2.2328550314343674,
53.78098592105714,-2.2322561889325527,Girls
53.78006469064695,-2.2326702752795464,Ab yp
53.780329477716876,-2.236590206564346,“500-7
53.77969513171483,-2.233117953654689,
53.78097334843367,-2.2323214349872273,
53.780422438932796,-2.236377026385707,
53.77964636517533,-2.232638621253021,
53.77982542981255,-2.233253613768369,
53.77970960928124,-2.234162536530022,
53.78226832865046,-2.2338447042636873,
53.781302141586686,-2.234528172836416,rey ey
53.780338621443036,-2.231676726446979,o6t
53.78097334843367,-2.2303317533199265,“>
53.780770281515295,-2.234197420559254,
53.77987381536346,-2.2324874571263496,4976
53.780946679232386,-2.2321457228399852,
53.78135090812618,-2.230699327627944,
53.77982619178973,-2.2331050336438625,
53.77978390205626,-2.233209039731017,
53.781798188730626,-2.2358854199737532,it Ne  lah yur
53.78069370280874,-2.2308666417681486,* er
53.781048022197275,-2.2300765831061002,M459"
53.779673796353805,-2.2304661214325234,
53.78115774691114,-2.231584348369568,
53.78070932334093,-2.234117316492129,
53.779958394830395,-2.23429238263883,
53.78199477884297,-2.236492660482605,
53.78201382827246,-2.230293639287988,433°),
53.7805980746727,-2.234163828531105,
53.78199477884297,-2.2348873491373964,
53.77960712335058,-2.2331515456828384,
53.781798188730626,-2.236088910144273,
53.779544641221854,-2.232459033102531,( Burnley)
53.7805234009091,-2.233906074315114,
53.781472824474925,-2.2354777936321732,wyn Fara gy 1 nyt rida
53.78162864880816,-2.235760095868735,rp  3  ~-2 —  =
53.781861813825124,-2.236211004246585,
53.77954540319903,-2.233072733616796,
53.78006469064695,-2.2336108520677254,bebe eet bah baby
53.78150825641377,-2.230044929079575,Lp
53.78023194463788,-2.2335081379816533,
53.78167703435906,-2.2320875827912654,"  49?  A,
53.779737040459715,-2.2332723477840677,ml 1
53.780334049579956,-2.233901552311324,
53.77999839863233,-2.233534624003848,vi bbb
53.78078818797902,-2.23443321075684,
53.78086667162852,-2.2348408370984205,Sy 4  4
53.781297950712194,-2.2314034682179953,
53.78205002218849,-2.2366173385870822,
53.780895245772754,-2.233054645601639,
53.78097296744508,-2.2319919747111485,
53.781125362881006,-2.23014441316294,
53.77950273247697,-2.232601799222165,
53.78008869292811,-2.235381539551515,LGA oF
53.780736754519396,-2.2327788033704903,
53.78142901078709,-2.2353989815661306,
53.77971837201881,-2.2330753176189613,
53.781638935500084,-2.230134077154279,
53.78019270281313,-2.2337478041824874,bye didvhinds
53.78143053474145,-2.2308911897887196,
53.781363861738235,-2.2306398955781415,
53.77963912639213,-2.2331870757126118,
53.7798536229682,-2.233281391791646,
53.779854384945374,-2.2331224756584787,
53.78057216744859,-2.233928038333519,
53.781861432836536,-2.235105051319825,
53.78025632790763,-2.2338220942447404,
53.781483873144026,-2.2352775334643606,
53.78192048606796,-2.236331160347272,
53.77972180091612,-2.2331457316779666,
53.78133985945708,-2.2307574676766637,
53.78194639329207,-2.230810439721053,
53.78039538874292,-2.233168341696913,7  xs >
53.77959340776135,-2.2325061911420483,LEW.
53.7805980746727,-2.232805289392685,
53.78141720014081,-2.2303511333361663,
53.78121756211974,-2.2356380017664232,re se) Set
53.78042320090997,-2.231348558171982,
53.779516067077616,-2.2330423715913534,
53.780686464025536,-2.2326999913044476,
53.78045558494011,-2.2355184916662774,, 559-5
53.78011345718645,-2.233663178111573,
53.780880387217756,-2.2343343726740166,‘ 1 \ rye tut Ws
53.780150794068255,-2.233701938144053,rag hb
53.780309285321614,-2.232771051363994,
53.78008374007644,-2.232134740830783,488-5
53.780692559842976,-2.2298039708776582,Qa
53.78193305869142,-2.230835633742165,
53.77950844730582,-2.2327930153823994,
53.77965931878739,-2.2353085414903444,Bh M3
53.78166979557586,-2.235829863927199,
53.78193305869142,-2.230816899726466,se
53.77987343437486,-2.2299926030357273,
53.78172618188715,-2.2304525554211554,
53.78070437048926,-2.2327277693277248,18 4
53.78142139101529,-2.23461732091112,
53.78133109671951,-2.235335027512539,
53.7805234009091,-2.2355811537187864,
53.78170446553753,-2.2313285321552008,
53.780329477716876,-2.233628294082341,
53.781318524096044,-2.2308737477741034,
53.7802388024325,-2.2334441839280617,
53.78077256744684,-2.231398946214206,ww
53.781964299755785,-2.2364254764263065,
53.781921629033725,-2.2308989417952154,1-0
53.781678177324835,-2.2320313807441696,y1 2°
53.78083276364403,-2.2305849855321283,
53.782049260211316,-2.2349241711682524,
53.78177723435819,-2.230435113406539,
53.78182981078358,-2.2361522181973235,
53.780593121821035,-2.2297264508126986,
53.782014590249645,-2.2303808493610675,
53.78139929367708,-2.2338117582360795,
53.78111393322331,-2.2357639718719833,
53.78078856896761,-2.233633462086672,
53.77992220091436,-2.233362787859854,
53.77987495832922,-2.2349209411655453,ae
53.78042929672741,-2.233750388184653,
53.78153644956942,-2.2315281463224723,
53.77977894920459,-2.233307231813299,weeds?
53.77995801384181,-2.2328634294414047,Ww
53.78194563131488,-2.230839509745413,
53.78178485412998,-2.2346819209652526,cf  ‘  ‘Os
53.781335668582585,-2.230574003522926,
53.77965436593572,-2.235179341382078,
53.7796703674565,-2.2353007894838486,
53.779754565934844,-2.233234233752129,
53.781834763635246,-2.2313627701838916,aes  4
53.78019155984737,-2.2324558030998243,a)
53.78055540395064,-2.2312639321010677,
53.78226870963905,-2.2306999736284854,
53.780394626765734,-2.2332045177272275,Prine
53.78009707467709,-2.235406733572627,
53.781998969717456,-2.2311489440047105,
53.781773043483696,-2.2360417521047555,
53.7797187530074,-2.233002319557791,
53.78067427239066,-2.232626993243277,
53.7817391354992,-2.2319344806629697,
53.78071999102144,-2.233860208276679,my
53.7819376305545,-2.231158634012831,
53.781048022197275,-2.23004234507741,16-6
53.779874577340635,-2.232451281096035,
53.78132995375374,-2.230814315724301,
53.77973780243689,-2.2331592976893346,
53.78068379710541,-2.2298168908884852,
53.78236128986638,-2.2349777892131826,
53.780256708896225,-2.2343111166545286,“oe
53.781711704320735,-2.2319351266635112,*29. 5
53.77967493931957,-2.2297891128652076,
53.77963798342636,-2.2296909207829256,
53.780673510413486,-2.233554650020629,
53.78125451801296,-2.2356224977534316,o
53.779745041220096,-2.231581764367403,arn
53.7814252009012,-2.231424786235859,
53.779645603198155,-2.2326095512286614,\Z “$
53.78034890813496,-2.2328692434462765,
53.7818964837868,-2.230851137755157,
53.78028071117738,-2.231757476514645,403°
53.78075161307439,-2.235667717791325,
53.779605980384815,-2.232879579454938,
53.78039348379997,-2.235778829884434,40°¢
53.78173456363613,-2.231632798410168,
53.78049292182191,-2.232236808916313,
53.781711323332146,-2.2319067026396926,
53.781490349950055,-2.230334983322633,A> |
53.780038783422846,-2.2327116193141916,
53.77953054464403,-2.2324952091328454,
53.780332525625596,-2.2329893995469643,
53.780643793303476,-2.2325546411826482,
53.781913628273344,-2.2308175457270076,LP:
53.78010164654017,-2.2330869456287052,
53.78011193323209,-2.235406733572627,
53.7821544130621,-2.2301004851261297,
53.78007916821337,-2.2297794228570877,
53.779791140839464,-2.2311915800404387,
53.78039348379997,-2.2332549057694515,
53.780357670872526,-2.2361483421940753,B12
53.78150025565339,-2.235226499421595,
53.78043615452203,-2.2339797183768253,
53.780309285321614,-2.2317865465390048,
53.78017974920108,-2.2321825448708412,“<  (A;  ue,
53.779631125631745,-2.2328459874267885,
53.779816286086394,-2.23330270980951,ng
53.77965093703841,-2.23251200514692,al
53.782117076180306,-2.229840146907973,
53.78183019177217,-2.2311043699673587,
53.7805234009091,-2.2356224977534316,
53.780572548437185,-2.235561773702546,gat
53.7821620328339,-2.229820120891192,Fe
53.78220356059019,-2.2369849128950996,pig ttt. Po aiaieiind  ~
53.780586645015006,-2.235526243672773,
53.780392721822786,-2.2358156519152894,
53.78161760013905,-2.2303627613459103,
53.7801264107985,-2.2297548748365172,
53.78071922904426,-2.2326334532486904,'y
53.78106364272946,-2.2345410928472424,
53.77964941308405,-2.231101139964652,
53.77971265718996,-2.2350863173041264,
53.78031461916188,-2.2327271233271837,: 4848
53.781589787971996,-2.229826580896605,rt
53.77964522220957,-2.2352814094676083,
53.781879339300254,-2.230497129458507,
53.77962083893982,-2.232837589419751,Booking Office
53.780438821442154,-2.2362697902958457,
53.78010317049453,-2.232116652815625,
53.78137948227042,-2.2337516801857356,
53.781566166679426,-2.235339549516328,
53.78126328075052,-2.236599250571925,ie  ex ens
53.78209878872799,-2.229910560966978,
53.78041215224087,-2.2362491182785234,
53.78210183663671,-2.2297923428679143,
53.779582359092245,-2.2327742813667006,06-5
53.77965931878739,-2.2352000133994006,
53.78206411876632,-2.234446130767667,
53.78138100622478,-2.235025593253241,
53.78227480545649,-2.2310882199538256,
53.782120505077614,-2.2315501103408777,
53.78099658873765,-2.2332490917645798,
53.78176085184882,-2.2350947153111638,
53.77960788532776,-2.233955170356255,leg
53.77976942448984,-2.2350404512656916,Ff,  S4 ,. EQ AR  Ses Sagp
53.78188619709487,-2.231112767974396,
53.77974085034561,-2.235011381241332,
53.781722372001255,-2.2318737566120848,Lee
53.781281949191424,-2.23483566909409,
53.780391197868425,-2.235853119946687,
53.78207059557234,-2.2305940295397066,
53.782069833595166,-2.2366800006395913,
53.779516067077616,-2.230278781275537,
53.77977780623882,-2.2346735229582153,“i  ral  See ~~
53.78137605337311,-2.2302736132712067,
53.780399198628814,-2.233714212154338,
53.78137872029323,-2.2353479475233655,
53.77980714236024,-2.2330927596335775,
53.780084502053626,-2.23210437880534,
53.780411771252275,-2.232335646999137,
53.78087543436609,-2.2297632728435546,
53.78061255223911,-2.232477121117688,
53.78210526553402,-2.2321825448708412,
53.780694464785924,-2.2308349877416234,og
53.782359003934836,-2.230180589193255,
53.78168655907381,-2.2307413176631306,
53.782143364393,-2.230974523858551,
53.780264709656606,-2.2326605852714265,gor?
53.78121794310833,-2.2347555650269646,
53.78230604652085,-2.2307251676495974,
53.77950882829441,-2.232774927367242,Ae  U4
53.77982466783537,-2.2298000948744106,
53.77975685186638,-2.2332897897986834,fb
53.78004297429734,-2.233488111964872,
53.78202335298721,-2.2365553225351142,
53.77991305718821,-2.230236145239809,
53.78082704881518,-2.233004257559415,
53.78188924500359,-2.2362652682920565,
53.781757422951515,-2.231355664177937,
53.782158222948006,-2.2315397743322163,
53.781807713445374,-2.2313840882017555,
53.7806243628854,-2.2342116325711636,
53.78211631420312,-2.229808492881448,wi  s *
53.78231252332688,-2.2334816519594587,
53.78099887466919,-2.234431272755216,
53.780621695965266,-2.2310804679473297,
53.78135852789798,-2.234818873080015,| |  4 | \  |  dtl |  1} | yy
53.78163207770547,-2.2309557898428527,
53.781292997860525,-2.2311366699944255,
53.781586740063275,-2.2306851156160348,
53.78165227010073,-2.2319551526802925,
53.78144082143338,-2.235090193307374,
53.78093563056328,-2.234068220450988,
53.78090972333917,-2.2331360416698467,
53.78162369595649,-2.2354099635753335,"! ‘ we ; | 1  so ~ —_ =-_ - ~ -— =~ —_—— = —_— i--—— “ —_  - - —_——  —_
53.779795331713956,-2.234828563088135,Ry oA! “We  wy
53.78055121307615,-2.231199978047476,
53.7798421933105,-2.2333569738549817,
53.779901246541925,-2.2341941905565474,52h, 33 Ch
53.78196963359604,-2.235802085903922,
53.78055235604192,-2.233900906310783,
53.78223175374584,-2.234125714499166,
53.78120575147346,-2.2357762458822683,
53.781604646527,-2.2309842138666713,
53.78045558494011,-2.235487483640293,Ce
53.781812666297036,-2.235654151779957,
53.78076990052671,-2.2302768432739133,
53.782154032073514,-2.230118573141287,{7
53.78122099101705,-2.2357723698790206,
53.78127966325988,-2.2322148448979076,“oo
53.781820286068836,-2.2313569561790194,
53.78029518874379,-2.232776865368866,
53.77994277429821,-2.230428007400585,
53.77970503741817,-2.2305410574953175,
53.78201840013554,-2.234955179194236,
53.78163169671688,-2.2315346063278856,
53.77957816821776,-2.2353983355655895,ait
53.78094820318674,-2.2304764574411844,
53.78047768227832,-2.2316373204139572,
53.78070360851208,-2.234017832408764,
53.77975380395766,-2.2331786777055744,
53.77968103513701,-2.233119245655772,
53.78005364197785,-2.232581127204843,
53.781926200896805,-2.2311560500106653,
53.78027347239418,-2.232837589419751,
53.77996372867065,-2.234259436611222,
53.78007916821337,-2.233374415869598,
53.781931153748474,-2.230562375513182,
53.780817524100435,-2.2341870845505927,Fi a iy iy  aA  ao  lt it if ltoaug I fot if hry  " i ii  ny Wy we
53.77974389825433,-2.233017823570783,e -
53.78103925945971,-2.235684513805399,
53.782171176560055,-2.231283958117849,
53.77967951118265,-2.2351683593728753,
53.781463299760176,-2.231444166252099,
53.78066093779002,-2.230928011819575,
53.780544355281535,-2.2333130458181714,
53.780078406236186,-2.232275568948793,
53.77970122753227,-2.2324616171046965,
53.78009326479119,-2.2320824147869347,» aN  Yar
53.779950394070006,-2.233478421956752,
53.782223371996864,-2.235295621479518,
53.780440345396514,-2.2314629002677977,
53.78179323587896,-2.235625727756138,
53.780542831327175,-2.2333337178354937,
53.78177418644947,-2.2342658966166353,
53.780313857184694,-2.2326974073022825,‘ Bs
53.78027842524584,-2.2299422149935033,
53.7798010465428,-2.229701902792128,
53.77967341536521,-2.2351786953815367,
53.78050397049101,-2.234070158452612,
53.78053368760102,-2.235617329749101,yy?
53.78040872334356,-2.236311134330491,
53.78111355223472,-2.2301373071569857,
53.78018965490441,-2.235445493605107,
53.78008069216773,-2.2333505138495684,“~—  a7
53.780454441974335,-2.2337813962106368,
53.78159855070956,-2.235707123824346,
53.782058784926065,-2.23522391541943,
53.779912676199615,-2.230701265629568,
53.78074208835965,-2.2297800688576292,
53.7802574708734,-2.2335391460076375,
53.78181114234268,-2.2304570774249446,
53.7817280868301,-2.2310068238856178,
53.782219943099555,-2.2357432998546605,&
53.78203554462208,-2.230264569263628,
53.78210869443133,-2.2324170430673447,
53.77980942829178,-2.2297426008262318,
53.78144806021658,-2.2297225748094505,
53.77963303057469,-2.2329176934868764,al
53.77993096365193,-2.2306728416057493,
53.7819486792236,-2.2307419636636716,
53.779842955287684,-2.2297497068321865,
53.78219136895532,-2.2357394238514123,
53.782092311921964,-2.236720052673154,ab ae
53.78034967011214,-2.2299112069675195,
53.78140577048311,-2.2304105653859687,
53.780585121060646,-2.2297167608045787,
53.77960407544187,-2.2339209323275644,
53.779939345400905,-2.229723220809992,ee  ond
53.77996830053373,-2.2332413397580835,
53.78206754766363,-2.2315229783181416,
53.7800856450194,-2.2298782609399117,
53.780610647296164,-2.230937055827154,
53.780364147678554,-2.2324383610852085,
53.78185647998487,-2.2343401866788883,
53.780290235892124,-2.2338556862728898,
53.781826762874864,-2.2324086450603073,
53.78210259861389,-2.2306121175548643,
53.78003154463964,-2.2335740300368694,
53.779809809280366,-2.233238109755377,
53.7799244868459,-2.2314564402623844,PL
53.781134887595755,-2.2346308869224876,
53.7798120952119,-2.2297180528056613,
53.782134982644024,-2.2306302055700216,
53.78205307009721,-2.2345449688504906,
53.78214069747287,-2.232426087074923,
53.781970395573225,-2.230617931559736,
53.78056683360833,-2.2355507916933437,as, CLM Mts.
53.77980904730319,-2.229776192854381,é Px er  ha
53.78170408454894,-2.235496527647872,ner i, if, ! 1 wa PDEA Ue isha!  { | { WEEE hy ‘
53.78203897351939,-2.230336921324257,
53.779577787229165,-2.2331147236519824,
53.78056416668821,-2.2327988293872716,
53.78118136820371,-2.2344868288017707,
53.780534830566786,-2.235588259724741,
53.78189457884385,-2.2357361938487057,
53.7798536229682,-2.2297891128652076,fy
53.78065674691553,-2.2327503793466716,
53.77978656897639,-2.2349170651622976,
53.77988867391846,-2.23305529160218,
53.78212012408902,-2.2323899110446086,
53.78228433017124,-2.230182527194879,
53.78023537353519,-2.2327406893385513,
53.781866004699616,-2.2322930109634087,
53.78033366859137,-2.234175456540849,IP
53.78132957276515,-2.231375690194718,
53.780514257182936,-2.2336289400828826,
53.78068151117387,-2.2304913154536354,
53.78213574462121,-2.231219358063716,
53.780015162130276,-2.233667054114821,ar  ge
53.77962426783713,-2.2328989594711777,
53.78075694691466,-2.2305817555294216,
53.77988143513525,-2.2316205243998826,
53.77979761764549,-2.2296941507856323,
53.78184466933858,-2.2304745194395608,
53.78012793475286,-2.235300143483307,
53.779585407000965,-2.22973678682136,
53.782362432832144,-2.2305468715001897,
53.782117076180306,-2.232090166793431,
53.78163626857995,-2.230710955637688,
53.78039500775433,-2.2315533403435843,
53.7806243628854,-2.2334092998988297,
53.7819486792236,-2.2308814997805992,
53.78142672485556,-2.2302929932874465,
53.78127051953373,-2.236599250571925,
53.78060950433039,-2.2329015434733432,
53.78216850963993,-2.2312368000783316,
53.779881054146664,-2.2307199996452667,
53.779794188748184,-2.234780113047535,
53.78025327999892,-2.2326909472968692,
53.781258327898854,-2.2365805165562263,
53.78193343968001,-2.232326602991558,
53.78070513246644,-2.2327038673076958,ee  "Oo
53.78087086250301,-2.2330462475946016,
53.780102408517344,-2.2329590375215216,
53.780102408517344,-2.235411255576416,
53.780315381139054,-2.233879588292919,1 rene
53.77964941308405,-2.235206473404814,Le
53.77971913399599,-2.235105051319825,ay
53.78199134994566,-2.2299900190335618,
53.77987038646615,-2.2347103449890713,ue
53.781641983408804,-2.230751653671792,
53.78048834995883,-2.2298511289171756,
53.78095277504982,-2.233194181718566,
53.781398912688495,-2.236811784750023,
53.779816286086394,-2.2297245128110745,
