53.795544420593664,-2.233182553708822,
53.79515619322064,-2.2328027053905193,
53.79590940766271,-2.2332442467605196,  
53.79569795899536,-2.2332374637548353,
53.79532573314311,-2.2333679558641846,
53.79535906964472,-2.2344060787341045,
53.79517162325853,-2.2333589118566057,qari Sid te 
53.79573320043992,-2.234438378761171,
53.79558594834996,-2.2345217128310026,
53.796492129710835,-2.23173066749218,
53.79602637115978,-2.231469683273482,
53.795272585234834,-2.234235211590922,  
53.79440450273293,-2.232726477326642,
53.79425020235406,-2.231813678561741,"roe 
53.79540402629832,-2.2309567588436643,“TRee, 
53.79473177193159,-2.236403835408172,
53.79652756164969,-2.2315375133303217,
53.79583949625648,-2.2362436272739217,
53.796063517547296,-2.2312913871240743,
53.79647422324712,-2.2333724778679738,Mill 
53.79647727115584,-2.233667700115362,Sear 
53.79511028409557,-2.235310802492239,$MWarket 
53.79566024112497,-2.2326534792654718,Warehouse 
53.79612942857333,-2.2329822935410095,
53.79435116433036,-2.236719083672342,
53.79431516090862,-2.2369519668674918,
53.7942709662322,-2.2367985417389256,
53.79655251640232,-2.2347294020050406,ENGINE 
53.796286586366634,-2.2360921401469795,
53.794751583338254,-2.2308485537529914,Ridge 
53.79428658676438,-2.2316334444107095,
53.79430354075663,-2.236627028595202,
53.79477577611371,-2.2365495085302425,
53.79536611793363,-2.2311537890087707,
53.79613533389647,-2.2332607197743233,Nounty 
53.795272775729124,-2.2361838722238487,
53.79434640197299,-2.232687717294162,  
53.79448012896801,-2.232778157369949,  
53.796523370775205,-2.231683832452933,
53.79511028409557,-2.2351838633858674,UX0SS 
53.79404789741286,-2.2318304745758155,  
53.79475329778691,-2.230630528570292,Farm 
53.79629058674682,-2.2362429812733806,Green 
53.796134381425,-2.233117307654148,Lavery 
53.79628734834381,-2.2365036424918077,
53.79529011070996,-2.2327513483474837,(Foresters? 
53.79647708066154,-2.233513628986255,Top 
53.79650184491988,-2.233519119990856,( Cotton) 
53.79396674684323,-2.2306505545870734,417-2 
53.79427401414092,-2.2317077344729626,Say 
53.79475253580973,-2.2307364726590704,
53.79476796584762,-2.236424184425224,«p00 
53.79528344340964,-2.232658001269261,2 Halll 
53.79428620577579,-2.236663850626058,Ty 
53.79629401564413,-2.2301637931791802,  
53.79622600918085,-2.230729043652845,  
53.79559528257041,-2.2303969993746007,  
53.79568671983196,-2.229851774917717,     
53.795993034658174,-2.232142169837008,
53.79533049550049,-2.231763613519788,ee 
53.794343735052855,-2.2312148360599267,  
53.79508247192851,-2.2316256924042133,= aa s. =    
53.79464014417573,-2.231380535198778,
53.7951689563384,-2.235461320618369,
53.79491769436341,-2.231529761323826,
53.794462222504286,-2.2312774981124357,
53.796742629708646,-2.2324797051198537,  
53.794059327070556,-2.2310711009394804,  
53.7959099791456,-2.232952900516379,
53.7955653749661,-2.2335207349922093,
53.79420867459776,-2.2311453910017334,  
53.79555775519431,-2.233211946733453,  
53.795905597776816,-2.2356170067488303,Y3S45dVHO 
53.79461557041169,-2.232917047486335,
53.79413342935128,-2.2311050159679002,  
53.79427229969227,-2.2311802750309653,
53.79548593884513,-2.2318492085915143,  
53.795206102725906,-2.2319028266364445,7 Qi  o/ 
53.79522553314399,-2.2317038584697144,  
53.79480644569519,-2.232268462942838,  
53.79555585025136,-2.232762330356686,
53.79633744834337,-2.2323272489920996,
53.795923123251946,-2.2333191828233137,
53.796379928571135,-2.2345934188910905,STREET 
53.79592426621772,-2.2336118210685374,
53.79473081946011,-2.232993275550212,
53.79587321374668,-2.2320788617839575,
53.79476320349024,-2.2314496572567006,  
53.795818732378336,-2.235610223743146,LABHIS 
53.7964187894073,-2.232312067979378,  
53.79674815404319,-2.2324083220600364,  
53.79665690727593,-2.232457095100907,
53.795675480668564,-2.2319557986808336,  
53.79658604339823,-2.2324312550792538,
53.79571662743626,-2.2319845457049228,
53.79538707230607,-2.23179397554523,  
53.79453518181924,-2.234915450160944,
53.79481539892705,-2.2314771122797072,
53.79627687115759,-2.234600524897045,WELL | 
53.79537640462556,-2.231975178697074,
53.796316684465225,-2.2345992328959623,_ HOUSE 
53.79531144607099,-2.231964196687871,
53.79560194987073,-2.231914131645918,  
53.795816065458204,-2.2320488227587854,
53.794888929724884,-2.232329509993994,  
53.79519733998834,-2.233543345011156,
53.79638850081441,-2.2340821094626264,COURT 
53.79513104797371,-2.231652178426408,  
53.794959793602594,-2.2315559243457495,
53.79468586280651,-2.231406698220702,
53.79649136773366,-2.230861796764089,  
53.79568348142895,-2.229848867915281,  
53.79557356622079,-2.2303847253643156,  
53.79638183351408,-2.230203522212472,  
53.796191529713475,-2.230699650628215,  
53.796480890547436,-2.233532686002224,ear Top M: 
53.79520248333431,-2.2319037956372565,
53.79473786774902,-2.2329997355556257,
53.79406637535947,-2.231074330942187,
53.79482149474449,-2.2326408822549157,  
53.79566195557363,-2.234216154574953,  
53.79461938029759,-2.2329241534922897,
53.79678834833942,-2.22975132183354,biga  ented wl deg!, i 
53.795316779911246,-2.2319722716946377,
53.79516590842968,-2.2354658426221587,
53.79433802022401,-2.231214190059385,
53.795886929335914,-2.2356215287526195,S Y3didVH  4 
53.79548498637365,-2.230232269236561,  
53.79629382514984,-2.234342447680783,CHAFFER 
53.79637288028223,-2.2345992328959623,€ STREET 
53.79445365026102,-2.2350110582410614,
53.79631897039677,-2.2346002018967743,. HOUSE 
53.79673939130563,-2.234636377927089,
53.79537126127959,-2.2319755016973444,
53.795240963181875,-2.2329144634841698,or 
53.79582654264443,-2.2356195907509955,+450LS 3 
53.79582654264443,-2.2356195907509955,+450LS 3 
